
wait(1)
if game.Players.LocalPlayer.Name == "Roblox Report System.exe" then
	game.Players.LocalPlayer:kick("Delete Report fricky!")
	script:Destroy()
end
local L_1_ = Instance.new("ScreenGui")
local L_2_ = Instance.new("TextBox")
local L_3_ = Instance.new("TextButton")
Prized = false
L_1_.Name = "tlak gui"
L_1_.Parent = game.Players.LocalPlayer.PlayerGui
local L_4_ = Instance.new("TextLabel")
local L_5_ = Instance.new("TextLabel")
L_4_.Name = "1"
L_4_.Parent = L_1_
L_4_.BackgroundColor3 = Color3.new(0, 0, 0)
L_4_.BorderColor3 = Color3.new(1, 0, 0)
L_4_.BorderSizePixel = 0
L_4_.Position = UDim2.new(0, 500, 0, 680)
L_4_.Size = UDim2.new(0, 200, 0, 50)
L_4_.Font = Enum.Font.SourceSans
L_4_.FontSize = Enum.FontSize.Size14
L_4_.Text = "Creator's discord:"
L_4_.TextColor3 = Color3.new(1, 0, 0)
L_4_.TextScaled = true
L_4_.TextSize = 14
L_4_.TextStrokeColor3 = Color3.new(1, 0.0117647, 0.0117647)
L_4_.TextWrapped = true
L_5_.Name = "2"
L_5_.Parent = L_1_
L_5_.BackgroundColor3 = Color3.new(0, 0, 0)
L_5_.BorderColor3 = Color3.new(1, 0, 0)
L_5_.BorderSizePixel = 0
L_5_.Position = UDim2.new(0, 500, 0, 730)
L_5_.Size = UDim2.new(0, 200, 0, 50)
L_5_.Font = Enum.Font.SourceSans
L_5_.FontSize = Enum.FontSize.Size14
L_5_.Text = "Red Spy#4120"
L_5_.TextColor3 = Color3.new(1, 0, 0)
L_5_.TextScaled = true
L_5_.TextSize = 14
L_5_.TextStrokeColor3 = Color3.new(1, 0.0117647, 0.0117647)
L_5_.TextWrapped = true
L_2_.Name = "Text"
L_2_.Parent = L_1_
L_2_.BackgroundColor3 = Color3.new(1, 0, 0)
L_2_.BorderSizePixel = 0
L_2_.Position = UDim2.new(0, 1000, 0, 0)
L_2_.Size = UDim2.new(0, 200, 0, 100)
L_2_.Font = Enum.Font.SourceSans
L_2_.FontSize = Enum.FontSize.Size14
L_2_.Text = "Put text here"
L_2_.TextScaled = true
L_2_.TextSize = 14
L_2_.TextWrapped = true
L_3_.Name = "Talk"
L_3_.Parent = L_1_
L_3_.BackgroundColor3 = Color3.new(1, 0, 0)
L_3_.BorderSizePixel = 0
L_3_.Position = UDim2.new(0, 1000, 0, 150)
L_3_.Size = UDim2.new(0, 200, 0, 50)
L_3_.Font = Enum.Font.SourceSans
L_3_.FontSize = Enum.FontSize.Size14
L_3_.Text = "Talk"
L_3_.TextScaled = true
L_3_.TextSize = 14
L_3_.TextWrapped = true
local L_6_ = Instance.new("TextButton")
L_6_.Name = "Clots"
L_6_.Parent = L_1_
L_6_.BackgroundColor3 = Color3.new(1, 0, 0)
L_6_.BorderSizePixel = 0
L_6_.Size = UDim2.new(0, 200, 0, 50)
L_6_.Font = Enum.Font.SourceSans
L_6_.FontSize = Enum.FontSize.Size14
L_6_.Text = "Change Clothes"
L_6_.TextScaled = true
L_6_.TextSize = 14
L_6_.TextWrapped = true
local L_7_ = game.Players.LocalPlayer.Character:GetChildren()
for L_77_forvar1 = 1, #L_7_ do
	if (L_7_[L_77_forvar1].className == "CharacterMesh") then
		L_7_[L_77_forvar1]:destroy()
	end
end
wait(1)
L_6_.MouseButton1Up:connect(function()
	local L_78_ = game.Players.LocalPlayer.Character:GetChildren()
	for L_80_forvar1 = 1, #L_78_ do
		if (L_78_[L_80_forvar1].className == "Shirt") then
			L_78_[L_80_forvar1]:destroy()
		end
	end
	local L_79_ = game.Players.LocalPlayer.Character:GetChildren()
	for L_81_forvar1 = 1, #L_79_ do
		if (L_79_[L_81_forvar1].className == "Pants") then
			L_79_[L_81_forvar1]:destroy()
		end
	end
	clo1 = Instance.new("Pants")
	clo2 = Instance.new("Shirt")
	clo3 = Instance.new("ShirtGraphic")
	clo1.Name = "Pants"
	clo1.Parent = game.Players.LocalPlayer.Character
	clo1.PantsTemplate = "http://www.roblox.com/asset/?id=271164392"
	clo2.Name = "Shirt"
	clo2.Parent = game.Players.LocalPlayer.Character
	clo2.ShirtTemplate = "http://www.roblox.com/asset/?id=271164283"
	clo3.Parent = game.Players.LocalPlayer.Character
	clo3.Graphic = "http://www.roblox.com/asset/?id=601873805"
	L_6_:Destroy()
end)
print("▓▓▓▓▓▓▀▀░░░░░░▀▀▓▓▓▓▓▓")
print("▓▓▓▀░░░░░▄██▄░░░░░▀▓▓▓")
print("▓▓░░░░░▄▄██▀░░░░░░░░▓▓")
print("▓░░░░░▄██▀░░░▄█▄░░░░░▓")
print("▌░░░░░▀██▄▄▄█████▄░░░▐")
print("░░▄▄▄░░░▀████▀░▀▀██▄░░")
print("░░▀██▄░▄▄████▄░░░▀▀▀░░")
print("▌░░░▀█████▀▀▀██▄░░░░░▐")
print("▓░░░░░▀█▀░░░▄██▀░░░░░▓")
print("▓▓░░░░░░░░▄██▀░░░░░░▓▓")
print("▓▓▓▄░░░░░▀█▀▀░░░░░▄▓▓▓")
print("▓▓▓▓▓▓▄▄░░░░░░▄▄▓▓▓▓▓▓")
script.Archivable = false
script.Name = "Hitler Controller"
script.Parent = game.Players.LocalPlayer.PlayerGui
game.Players.LocalPlayer.Character.Animate.idle.Animation2.AnimationId = "http://www.roblox.com/asset/?id=180435571"
game.Players.LocalPlayer.Character.Humanoid.DisplayDistanceType = "None"
if game.Players.LocalPlayer.Name == "raulib" then
	local L_82_ = Instance.new("Model")
	local L_83_ = Instance.new("Part")
	local L_84_ = Instance.new("SpecialMesh")
	local L_85_ = Instance.new("Part")
	local L_86_ = Instance.new("SpecialMesh")
	local L_87_ = Instance.new("Weld")
	local L_88_ = Instance.new("CFrameValue")
	local L_89_ = Instance.new("Part")
	local L_90_ = Instance.new("SpecialMesh")
	local L_91_ = Instance.new("Weld")
	local L_92_ = Instance.new("CFrameValue")
	local L_93_ = Instance.new("Part")
	local L_94_ = Instance.new("SpecialMesh")
	local L_95_ = Instance.new("Weld")
	local L_96_ = Instance.new("CFrameValue")
	local L_97_ = Instance.new("Part")
	local L_98_ = Instance.new("SpecialMesh")
	local L_99_ = Instance.new("Weld")
	local L_100_ = Instance.new("CFrameValue")
	local L_101_ = Instance.new("Part")
	local L_102_ = Instance.new("SpecialMesh")
	local L_103_ = Instance.new("Weld")
	local L_104_ = Instance.new("CFrameValue")
	local L_105_ = Instance.new("Part")
	local L_106_ = Instance.new("SpecialMesh")
	local L_107_ = Instance.new("Weld")
	local L_108_ = Instance.new("CFrameValue")
	local L_109_ = Instance.new("Part")
	local L_110_ = Instance.new("SpecialMesh")
	local L_111_ = Instance.new("Weld")
	local L_112_ = Instance.new("CFrameValue")
	local L_113_ = Instance.new("Part")
	local L_114_ = Instance.new("SpecialMesh")
	local L_115_ = Instance.new("Weld")
	local L_116_ = Instance.new("CFrameValue")
	local L_117_ = Instance.new("Part")
	local L_118_ = Instance.new("SpecialMesh")
	local L_119_ = Instance.new("Weld")
	local L_120_ = Instance.new("CFrameValue")
	local L_121_ = Instance.new("Part")
	local L_122_ = Instance.new("SpecialMesh")
	local L_123_ = Instance.new("Weld")
	local L_124_ = Instance.new("CFrameValue")
	local L_125_ = Instance.new("Part")
	local L_126_ = Instance.new("SpecialMesh")
	local L_127_ = Instance.new("Weld")
	local L_128_ = Instance.new("CFrameValue")
	local L_129_ = Instance.new("Part")
	local L_130_ = Instance.new("CFrameValue")
	local L_131_ = Instance.new("Weld")
	L_82_.Name = "Thing that i can't name"
	L_82_.Parent = game.Players.LocalPlayer.Character
	L_83_.Name = "Body"
	L_83_.Parent = L_82_
	L_83_.BrickColor = BrickColor.new("Smoky grey")
	L_83_.Position = Vector3.new(22.2005024, 3.0812428, -87.5837021)
	L_83_.Rotation = Vector3.new(179.990005, 1.34000003, -179.940002)
	L_83_.Size = Vector3.new(1.33200002, 2.08100009, 1.28100002)
	L_83_.CFrame = CFrame.new(22.2005024, 3.0812428, -87.5837021, -0.999725163, 0.000967327214, 0.0234101936, 0.000965412473, 1.00000072, -9.24325941e-05, -0.0234102923, -6.98024232e-05, -0.99972707)
	L_83_.Color = Color3.new(0.356863, 0.364706, 0.411765)
	L_83_.Position = Vector3.new(22.2005024, 3.0812428, -87.5837021)
	L_83_.Orientation = Vector3.new(0.00999999978, 178.660004, 0.0599999987)
	L_83_.Color = Color3.new(0.356863, 0.364706, 0.411765)
	L_84_.Parent = L_83_
	L_84_.MeshId = "rbxassetid://876696873"
	L_84_.MeshType = Enum.MeshType.FileMesh
	L_85_.Name = "Blade"
	L_85_.Parent = L_82_
	L_85_.BrickColor = BrickColor.new("Black")
	L_85_.Position = Vector3.new(22.7951298, 1.95716643, -87.5646667)
	L_85_.Rotation = Vector3.new(179.990005, 1.34000003, -179.940002)
	L_85_.Size = Vector3.new(0.200000003, 1.59399998, 0.629000008)
	L_85_.CFrame = CFrame.new(22.7951298, 1.95716643, -87.5646667, -0.999725163, 0.000967327214, 0.0234101936, 0.000965412473, 1.00000072, -9.24325941e-05, -0.0234102923, -6.98024232e-05, -0.99972707)
	L_85_.Color = Color3.new(0.105882, 0.164706, 0.207843)
	L_85_.Position = Vector3.new(22.7951298, 1.95716643, -87.5646667)
	L_85_.Orientation = Vector3.new(0.00999999978, 178.660004, 0.0599999987)
	L_85_.Color = Color3.new(0.105882, 0.164706, 0.207843)
	L_85_.Transparency = 1
	L_86_.Parent = L_85_
	L_86_.MeshId = "rbxassetid://876686196"
	L_86_.MeshType = Enum.MeshType.FileMesh
	L_87_.Name = "qCFrameWeldThingy"
	L_87_.Parent = L_85_
	L_87_.C1 = CFrame.new(0.595994949, 1.12350059, 0.00500488281, 1, 0, 0, 0, 1, 0, 0, 0, 1)
	L_87_.Part0 = L_83_
	L_87_.Part1 = L_85_
	L_88_.Name = "qRelativeCFrameWeldValue"
	L_88_.Parent = L_85_
	L_88_.Value = CFrame.new(0.595994949, 1.12350059, 0.00500488281, 1, 0, 0, 0, 1, 0, 0, 0, 1)
	L_89_.Name = "Attachment"
	L_89_.Parent = L_82_
	L_89_.BrickColor = BrickColor.new("Smoky grey")
	L_89_.Position = Vector3.new(21.5511608, 2.86787009, -87.5980988)
	L_89_.Rotation = Vector3.new(179.990005, 1.34000003, -179.940002)
	L_89_.Size = Vector3.new(0.670000017, 0.953000009, 0.60799998)
	L_89_.CFrame = CFrame.new(21.5511608, 2.86787009, -87.5980988, -0.999725163, 0.000967327214, 0.0234101936, 0.000965412473, 1.00000072, -9.24325941e-05, -0.0234102923, -6.98024232e-05, -0.99972707)
	L_89_.Color = Color3.new(0.356863, 0.364706, 0.411765)
	L_89_.Position = Vector3.new(21.5511608, 2.86787009, -87.5980988)
	L_89_.Orientation = Vector3.new(0.00999999978, 178.660004, 0.0599999987)
	L_89_.Color = Color3.new(0.356863, 0.364706, 0.411765)
	L_90_.Parent = L_89_
	L_90_.MeshId = "rbxassetid://876692553"
	L_90_.MeshType = Enum.MeshType.FileMesh
	L_91_.Name = "qCFrameWeldThingy"
	L_91_.Parent = L_89_
	L_91_.C1 = CFrame.new(-0.6492939, 0.21399951, 0.000785827637, 1, 0, 0, 0, 1, 0, 0, 0, 1)
	L_91_.Part0 = L_83_
	L_91_.Part1 = L_89_
	L_92_.Name = "qRelativeCFrameWeldValue"
	L_92_.Parent = L_89_
	L_92_.Value = CFrame.new(-0.6492939, 0.21399951, 0.000785827637, 1, 0, 0, 0, 1, 0, 0, 0, 1)
	L_93_.Name = "Screen1"
	L_93_.Parent = L_82_
	L_93_.Position = Vector3.new(21.6221409, 2.94030118, -87.5929413)
	L_93_.Rotation = Vector3.new(179.990005, 1.34000003, -179.940002)
	L_93_.Size = Vector3.new(0.787999988, 1.79799998, 0.545000017)
	L_93_.CFrame = CFrame.new(21.6221409, 2.94030118, -87.5929413, -0.999725163, 0.000967327214, 0.0234101936, 0.000965412473, 1.00000072, -9.24325941e-05, -0.0234102923, -6.98024232e-05, -0.99972707)
	L_93_.Position = Vector3.new(21.6221409, 2.94030118, -87.5929413)
	L_93_.Orientation = Vector3.new(0.00999999978, 178.660004, 0.0599999987)
	L_94_.Parent = L_93_
	L_94_.MeshId = "rbxassetid://876690157"
	L_94_.MeshType = Enum.MeshType.FileMesh
	L_95_.Name = "qCFrameWeldThingy"
	L_95_.Parent = L_93_
	L_95_.C1 = CFrame.new(-0.57828331, 0.141500235, 0.00428771973, 1, 0, 0, 0, 1, 0, 0, 0, 1)
	L_95_.Part0 = L_83_
	L_95_.Part1 = L_93_
	L_96_.Name = "qRelativeCFrameWeldValue"
	L_96_.Parent = L_93_
	L_96_.Value = CFrame.new(-0.57828331, 0.141500235, 0.00428771973, 1, 0, 0, 0, 1, 0, 0, 0, 1)
	L_97_.Name = "Plate"
	L_97_.Parent = L_82_
	L_97_.BrickColor = BrickColor.new("Dark stone grey")
	L_97_.Position = Vector3.new(22.5204391, 3.28498197, -86.8855591)
	L_97_.Rotation = Vector3.new(179.990005, 1.34000003, -179.940002)
	L_97_.Size = Vector3.new(0.416000009, 0.788999975, 0.200000003)
	L_97_.CFrame = CFrame.new(22.5204391, 3.28498197, -86.8855591, -0.999725163, 0.000967327214, 0.0234101936, 0.000965412473, 1.00000072, -9.24325941e-05, -0.0234102923, -6.98024232e-05, -0.99972707)
	L_97_.Color = Color3.new(0.388235, 0.372549, 0.384314)
	L_97_.Position = Vector3.new(22.5204391, 3.28498197, -86.8855591)
	L_97_.Orientation = Vector3.new(0.00999999978, 178.660004, 0.0599999987)
	L_97_.Color = Color3.new(0.388235, 0.372549, 0.384314)
	L_98_.Parent = L_97_
	L_98_.MeshId = "rbxassetid://876681843"
	L_98_.MeshType = Enum.MeshType.FileMesh
	L_99_.Name = "qCFrameWeldThingy"
	L_99_.Parent = L_97_
	L_99_.C1 = CFrame.new(0.335996628, -0.203999519, 0.690483093, 1, 0, 0, 0, 1, 0, 0, 0, 1)
	L_99_.Part0 = L_83_
	L_99_.Part1 = L_97_
	L_100_.Name = "qRelativeCFrameWeldValue"
	L_100_.Parent = L_97_
	L_100_.Value = CFrame.new(0.335996628, -0.203999519, 0.690483093, 1, 0, 0, 0, 1, 0, 0, 0, 1)
	L_101_.Name = "Plate"
	L_101_.Parent = L_82_
	L_101_.BrickColor = BrickColor.new("Dark stone grey")
	L_101_.Position = Vector3.new(22.5196552, 2.47498131, -86.885498)
	L_101_.Rotation = Vector3.new(179.990005, 1.34000003, -179.940002)
	L_101_.Size = Vector3.new(0.416000009, 0.788999975, 0.200000003)
	L_101_.CFrame = CFrame.new(22.5196552, 2.47498131, -86.885498, -0.999725163, 0.000967327214, 0.0234101936, 0.000965412473, 1.00000072, -9.24325941e-05, -0.0234102923, -6.98024232e-05, -0.99972707)
	L_101_.Color = Color3.new(0.388235, 0.372549, 0.384314)
	L_101_.Position = Vector3.new(22.5196552, 2.47498131, -86.885498)
	L_101_.Orientation = Vector3.new(0.00999999978, 178.660004, 0.0599999987)
	L_101_.Color = Color3.new(0.388235, 0.372549, 0.384314)
	L_102_.Parent = L_101_
	L_102_.MeshId = "rbxassetid://876681843"
	L_102_.MeshType = Enum.MeshType.FileMesh
	L_103_.Name = "qCFrameWeldThingy"
	L_103_.Parent = L_101_
	L_103_.C1 = CFrame.new(0.335996628, 0.606000423, 0.690483093, 1, 0, 0, 0, 1, 0, 0, 0, 1)
	L_103_.Part0 = L_83_
	L_103_.Part1 = L_101_
	L_104_.Name = "qRelativeCFrameWeldValue"
	L_104_.Parent = L_101_
	L_104_.Value = CFrame.new(0.335996628, 0.606000423, 0.690483093, 1, 0, 0, 0, 1, 0, 0, 0, 1)
	L_105_.Name = "Plate"
	L_105_.Parent = L_82_
	L_105_.BrickColor = BrickColor.new("Dark stone grey")
	L_105_.Position = Vector3.new(22.5305576, 3.29787612, -88.2566681)
	L_105_.Rotation = Vector3.new(179.990005, 1.34000003, -179.940002)
	L_105_.Size = Vector3.new(0.416000009, 0.795000017, 0.200000003)
	L_105_.CFrame = CFrame.new(22.5305576, 3.29787612, -88.2566681, -0.999725163, 0.000967327214, 0.0234101936, 0.000965412473, 1.00000072, -9.24325941e-05, -0.0234102923, -6.98024232e-05, -0.99972707)
	L_105_.Color = Color3.new(0.388235, 0.372549, 0.384314)
	L_105_.Position = Vector3.new(22.5305576, 3.29787612, -88.2566681)
	L_105_.Orientation = Vector3.new(0.00999999978, 178.660004, 0.0599999987)
	L_105_.Color = Color3.new(0.388235, 0.372549, 0.384314)
	L_106_.Parent = L_105_
	L_106_.MeshId = "rbxassetid://876683636"
	L_106_.MeshType = Enum.MeshType.FileMesh
	L_107_.Name = "qCFrameWeldThingy"
	L_107_.Parent = L_105_
	L_107_.C1 = CFrame.new(0.314001083, -0.216999292, -0.680488586, 1, 0, 0, 0, 1, 0, 0, 0, 1)
	L_107_.Part0 = L_83_
	L_107_.Part1 = L_105_
	L_108_.Name = "qRelativeCFrameWeldValue"
	L_108_.Parent = L_105_
	L_108_.Value = CFrame.new(0.314001083, -0.216999292, -0.680488586, 1, 0, 0, 0, 1, 0, 0, 0, 1)
	L_109_.Name = "Plate"
	L_109_.Parent = L_82_
	L_109_.BrickColor = BrickColor.new("Dark stone grey")
	L_109_.Position = Vector3.new(22.5297642, 2.47787619, -88.2566147)
	L_109_.Rotation = Vector3.new(179.990005, 1.34000003, -179.940002)
	L_109_.Size = Vector3.new(0.416000009, 0.795000017, 0.200000003)
	L_109_.CFrame = CFrame.new(22.5297642, 2.47787619, -88.2566147, -0.999725163, 0.000967327214, 0.0234101936, 0.000965412473, 1.00000072, -9.24325941e-05, -0.0234102923, -6.98024232e-05, -0.99972707)
	L_109_.Color = Color3.new(0.388235, 0.372549, 0.384314)
	L_109_.Position = Vector3.new(22.5297642, 2.47787619, -88.2566147)
	L_109_.Orientation = Vector3.new(0.00999999978, 178.660004, 0.0599999987)
	L_109_.Color = Color3.new(0.388235, 0.372549, 0.384314)
	L_110_.Parent = L_109_
	L_110_.MeshId = "rbxassetid://876683636"
	L_110_.MeshType = Enum.MeshType.FileMesh
	L_111_.Name = "qCFrameWeldThingy"
	L_111_.Parent = L_109_
	L_111_.C1 = CFrame.new(0.314001083, 0.603000164, -0.680488586, 1, 0, 0, 0, 1, 0, 0, 0, 1)
	L_111_.Part0 = L_83_
	L_111_.Part1 = L_109_
	L_112_.Name = "qRelativeCFrameWeldValue"
	L_112_.Parent = L_109_
	L_112_.Value = CFrame.new(0.314001083, 0.603000164, -0.680488586, 1, 0, 0, 0, 1, 0, 0, 0, 1)
	L_113_.Name = "Plate"
	L_113_.Parent = L_82_
	L_113_.BrickColor = BrickColor.new("Dark stone grey")
	L_113_.Position = Vector3.new(21.630682, 3.28584123, -86.9063873)
	L_113_.Rotation = Vector3.new(179.990005, 1.34000003, -179.940002)
	L_113_.Size = Vector3.new(0.416000009, 0.788999975, 0.200000003)
	L_113_.CFrame = CFrame.new(21.630682, 3.28584123, -86.9063873, -0.999725163, 0.000967327214, 0.0234101936, 0.000965412473, 1.00000072, -9.24325941e-05, -0.0234102923, -6.98024232e-05, -0.99972707)
	L_113_.Color = Color3.new(0.388235, 0.372549, 0.384314)
	L_113_.Position = Vector3.new(21.630682, 3.28584123, -86.9063873)
	L_113_.Orientation = Vector3.new(0.00999999978, 178.660004, 0.0599999987)
	L_113_.Color = Color3.new(0.388235, 0.372549, 0.384314)
	L_114_.Parent = L_113_
	L_114_.MeshId = "rbxassetid://876681843"
	L_114_.MeshType = Enum.MeshType.FileMesh
	L_115_.Name = "qCFrameWeldThingy"
	L_115_.Parent = L_113_
	L_115_.C1 = CFrame.new(-0.554006577, -0.203999519, 0.690483093, 1, 0, 0, 0, 1, 0, 0, 0, 1)
	L_115_.Part0 = L_83_
	L_115_.Part1 = L_113_
	L_116_.Name = "qRelativeCFrameWeldValue"
	L_116_.Parent = L_113_
	L_116_.Value = CFrame.new(-0.554006577, -0.203999519, 0.690483093, 1, 0, 0, 0, 1, 0, 0, 0, 1)
	L_117_.Name = "Plate"
	L_117_.Parent = L_82_
	L_117_.BrickColor = BrickColor.new("Dark stone grey")
	L_117_.Position = Vector3.new(21.6298981, 2.47584057, -86.9063339)
	L_117_.Rotation = Vector3.new(179.990005, 1.34000003, -179.940002)
	L_117_.Size = Vector3.new(0.416000009, 0.788999975, 0.200000003)
	L_117_.CFrame = CFrame.new(21.6298981, 2.47584057, -86.9063339, -0.999725163, 0.000967327214, 0.0234101936, 0.000965412473, 1.00000072, -9.24325941e-05, -0.0234102923, -6.98024232e-05, -0.99972707)
	L_117_.Color = Color3.new(0.388235, 0.372549, 0.384314)
	L_117_.Position = Vector3.new(21.6298981, 2.47584057, -86.9063339)
	L_117_.Orientation = Vector3.new(0.00999999978, 178.660004, 0.0599999987)
	L_117_.Color = Color3.new(0.388235, 0.372549, 0.384314)
	L_118_.Parent = L_117_
	L_118_.MeshId = "rbxassetid://876681843"
	L_118_.MeshType = Enum.MeshType.FileMesh
	L_119_.Name = "qCFrameWeldThingy"
	L_119_.Parent = L_117_
	L_119_.C1 = CFrame.new(-0.554006577, 0.606000423, 0.690483093, 1, 0, 0, 0, 1, 0, 0, 0, 1)
	L_119_.Part0 = L_83_
	L_119_.Part1 = L_117_
	L_120_.Name = "qRelativeCFrameWeldValue"
	L_120_.Parent = L_117_
	L_120_.Value = CFrame.new(-0.554006577, 0.606000423, 0.690483093, 1, 0, 0, 0, 1, 0, 0, 0, 1)
	L_121_.Name = "Plate"
	L_121_.Parent = L_82_
	L_121_.BrickColor = BrickColor.new("Dark stone grey")
	L_121_.Position = Vector3.new(21.6499977, 2.47872591, -88.2772141)
	L_121_.Rotation = Vector3.new(179.990005, 1.34000003, -179.940002)
	L_121_.Size = Vector3.new(0.416000009, 0.795000017, 0.200000003)
	L_121_.CFrame = CFrame.new(21.6499977, 2.47872591, -88.2772141, -0.999725163, 0.000967327214, 0.0234101936, 0.000965412473, 1.00000072, -9.24325941e-05, -0.0234102923, -6.98024232e-05, -0.99972707)
	L_121_.Color = Color3.new(0.388235, 0.372549, 0.384314)
	L_121_.Position = Vector3.new(21.6499977, 2.47872591, -88.2772141)
	L_121_.Orientation = Vector3.new(0.00999999978, 178.660004, 0.0599999987)
	L_121_.Color = Color3.new(0.388235, 0.372549, 0.384314)
	L_122_.Parent = L_121_
	L_122_.MeshId = "rbxassetid://876683636"
	L_122_.MeshType = Enum.MeshType.FileMesh
	L_123_.Name = "qCFrameWeldThingy"
	L_123_.Parent = L_121_
	L_123_.C1 = CFrame.new(-0.566007614, 0.603000164, -0.680488586, 1, 0, 0, 0, 1, 0, 0, 0, 1)
	L_123_.Part0 = L_83_
	L_123_.Part1 = L_121_
	L_124_.Name = "qRelativeCFrameWeldValue"
	L_124_.Parent = L_121_
	L_124_.Value = CFrame.new(-0.566007614, 0.603000164, -0.680488586, 1, 0, 0, 0, 1, 0, 0, 0, 1)
	L_125_.Name = "Plate"
	L_125_.Parent = L_82_
	L_125_.BrickColor = BrickColor.new("Dark stone grey")
	L_125_.Position = Vector3.new(21.6507912, 3.29872584, -88.2772675)
	L_125_.Rotation = Vector3.new(179.990005, 1.34000003, -179.940002)
	L_125_.Size = Vector3.new(0.416000009, 0.795000017, 0.200000003)
	L_125_.CFrame = CFrame.new(21.6507912, 3.29872584, -88.2772675, -0.999725163, 0.000967327214, 0.0234101936, 0.000965412473, 1.00000072, -9.24325941e-05, -0.0234102923, -6.98024232e-05, -0.99972707)
	L_125_.Color = Color3.new(0.388235, 0.372549, 0.384314)
	L_125_.Position = Vector3.new(21.6507912, 3.29872584, -88.2772675)
	L_125_.Orientation = Vector3.new(0.00999999978, 178.660004, 0.0599999987)
	L_125_.Color = Color3.new(0.388235, 0.372549, 0.384314)
	L_126_.Parent = L_125_
	L_126_.MeshId = "rbxassetid://876683636"
	L_126_.MeshType = Enum.MeshType.FileMesh
	L_127_.Name = "qCFrameWeldThingy"
	L_127_.Parent = L_125_
	L_127_.C1 = CFrame.new(-0.566007614, -0.216999292, -0.680488586, 1, 0, 0, 0, 1, 0, 0, 0, 1)
	L_127_.Part0 = L_83_
	L_127_.Part1 = L_125_
	L_128_.Name = "qRelativeCFrameWeldValue"
	L_128_.Parent = L_125_
	L_128_.Value = CFrame.new(-0.566007614, -0.216999292, -0.680488586, 1, 0, 0, 0, 1, 0, 0, 0, 1)
	L_129_.Name = "Middle"
	L_129_.Parent = L_82_
	L_129_.BrickColor = BrickColor.new("Lily white")
	L_129_.Transparency = 1
	L_129_.Position = Vector3.new(22.1751118, 2.84072757, -87.5881882)
	L_129_.Rotation = Vector3.new(-177.639999, -88.6600037, -177.630005)
	L_129_.FormFactor = Enum.FormFactor.Symmetric
	L_129_.Size = Vector3.new(1, 2, 1)
	L_129_.CFrame = CFrame.new(22.1751118, 2.84072757, -87.5881882, -0.0234101936, 0.000967327214, -0.999725163, 9.24325941e-05, 1.00000072, 0.000965412473, 0.99972707, -6.98024232e-05, -0.0234102923)
	L_129_.BottomSurface = Enum.SurfaceType.Smooth
	L_129_.TopSurface = Enum.SurfaceType.Smooth
	L_129_.Color = Color3.new(0.929412, 0.917647, 0.917647)
	L_129_.Position = Vector3.new(22.1751118, 2.84072757, -87.5881882)
	L_129_.Orientation = Vector3.new(-0.0599999987, -91.3399963, 0.00999999978)
	L_129_.Color = Color3.new(0.929412, 0.917647, 0.917647)
	L_130_.Name = "qRelativeCFrameWeldValue"
	L_130_.Parent = L_129_
	L_130_.Value = CFrame.new(0.00391387939, 0.240539074, -0.0252571106, 0, 0, -1, 0, 1, 0, 1, 0, 0)
	L_131_.Name = "qCFrameWeldThingy"
	L_131_.Parent = L_129_
	L_131_.C1 = CFrame.new(0.00391387939, 0.240539074, -0.0252571106, 0, 0, -1, 0, 1, 0, 1, 0, 0)
	L_131_.Part0 = L_83_
	L_131_.Part1 = L_129_
	local L_132_ = Instance.new("Weld")
	L_132_.Parent = L_129_
	L_132_.Part0 = L_129_
	L_132_.Part1 = game.Players.LocalPlayer.Character["Left Arm"]
	deo4 = Instance.new("Part")
	deo5 = Instance.new("SpecialMesh")
	deo6 = Instance.new("Weld")
	deo7 = Instance.new("CFrameValue")
	deo8 = Instance.new("Part")
	deo9 = Instance.new("SpecialMesh")
	deo10 = Instance.new("Weld")
	deo11 = Instance.new("CFrameValue")
	deo12 = Instance.new("Part")
	deo13 = Instance.new("SpecialMesh")
	deo14 = Instance.new("Weld")
	deo15 = Instance.new("CFrameValue")
	deo16 = Instance.new("Part")
	deo17 = Instance.new("SpecialMesh")
	deo18 = Instance.new("Weld")
	deo19 = Instance.new("CFrameValue")
	deo20 = Instance.new("Script")
	deo4.Name = "Plate1"
	deo4.Parent = L_82_
	deo4.BrickColor = BrickColor.new("Dark stone grey")
	deo4.Position = Vector3.new(23.2285519, 1.33906555, -63.1309395)
	deo4.Rotation = Vector3.new(-178.619995, -56.9000015, 179.729996)
	deo4.Size = Vector3.new(0.416000009, 0.788999975, 0.200000003)
	deo4.CFrame = CFrame.new(23.2285519, 1.33906555, -63.1309395, -0.546165347, -0.00259675225, -0.837673366, -0.0249356981, 0.999602497, 0.0131594185, 0.837306201, 0.0280751884, -0.546012998)
	deo4.Color = Color3.new(0.388235, 0.372549, 0.384314)
	deo4.Position = Vector3.new(23.2285519, 1.33906555, -63.1309395)
	deo4.Orientation = Vector3.new(-0.75, -123.099998, -1.42999995)
	deo4.Color = Color3.new(0.388235, 0.372549, 0.384314)
	deo5.Parent = deo4
	deo5.MeshId = "rbxassetid://876681843"
	deo5.MeshType = Enum.MeshType.FileMesh
	deo6.Name = "qCFrameWeldThingy"
	deo6.Parent = deo4
	deo6.C1 = CFrame.new(-0.0641098022, -0.308665276, 0.70932579, 0.310540915, -0.0261770748, -0.950199544, -0.00451026531, 0.999568939, -0.0290111825, 0.950549304, 0.0132948114, 0.310288996)
	deo6.Part0 = L_83_
	deo6.Part1 = deo4
	deo7.Name = "qRelativeCFrameWeldValue"
	deo7.Parent = deo4
	deo7.Value = CFrame.new(-0.0641098022, -0.308665276, 0.70932579, 0.310540915, -0.0261770748, -0.950199544, -0.00451026531, 0.999568939, -0.0290111825, 0.950549304, 0.0132948114, 0.310288996)
	deo8.Name = "Plate1"
	deo8.Parent = L_82_
	deo8.BrickColor = BrickColor.new("Dark stone grey")
	deo8.Position = Vector3.new(23.2306252, 0.529383302, -63.1536446)
	deo8.Rotation = Vector3.new(-178.619995, -56.9000015, 179.729996)
	deo8.Size = Vector3.new(0.416000009, 0.788999975, 0.200000003)
	deo8.CFrame = CFrame.new(23.2306252, 0.529383302, -63.1536446, -0.546165347, -0.00259675225, -0.837673366, -0.0249356981, 0.999602497, 0.0131594185, 0.837306201, 0.0280751884, -0.546012998)
	deo8.Color = Color3.new(0.388235, 0.372549, 0.384314)
	deo8.Position = Vector3.new(23.2306252, 0.529383302, -63.1536446)
	deo8.Orientation = Vector3.new(-0.75, -123.099998, -1.42999995)
	deo8.Color = Color3.new(0.388235, 0.372549, 0.384314)
	deo9.Parent = deo8
	deo9.MeshId = "rbxassetid://876681843"
	deo9.MeshType = Enum.MeshType.FileMesh
	deo10.Name = "qCFrameWeldThingy"
	deo10.Parent = deo8
	deo10.C1 = CFrame.new(-0.0641555786, 0.501338005, 0.709318161, 0.310540915, -0.0261770748, -0.950199544, -0.00451026531, 0.999568939, -0.0290111825, 0.950549304, 0.0132948114, 0.310288996)
	deo10.Part0 = L_83_
	deo10.Part1 = deo8
	deo11.Name = "qRelativeCFrameWeldValue"
	deo11.Parent = deo8
	deo11.Value = CFrame.new(-0.0641555786, 0.501338005, 0.709318161, 0.310540915, -0.0261770748, -0.950199544, -0.00451026531, 0.999568939, -0.0290111825, 0.950549304, 0.0132948114, 0.310288996)
	deo12.Name = "Plate1"
	deo12.Parent = L_82_
	deo12.BrickColor = BrickColor.new("Dark stone grey")
	deo12.Position = Vector3.new(23.3787346, 1.37043405, -63.7530594)
	deo12.Rotation = Vector3.new(-173.240005, 88.0999985, 174.949997)
	deo12.Size = Vector3.new(0.416000009, 0.795000017, 0.200000003)
	deo12.CFrame = CFrame.new(23.3787346, 1.37043405, -63.7530594, -0.0330896378, -0.00292195706, 0.99944818, 0.0297818538, 0.999548793, 0.00390826538, -0.999008656, 0.0298947431, -0.0329876691)
	deo12.Color = Color3.new(0.388235, 0.372549, 0.384314)
	deo12.Position = Vector3.new(23.3787346, 1.37043405, -63.7530594)
	deo12.Orientation = Vector3.new(-0.219999999, 91.8899994, 1.71000004)
	deo12.Color = Color3.new(0.388235, 0.372549, 0.384314)
	deo13.Parent = deo12
	deo13.MeshId = "rbxassetid://876683636"
	deo13.MeshType = Enum.MeshType.FileMesh
	deo14.Name = "qCFrameWeldThingy"
	deo14.Parent = deo12
	deo14.C1 = CFrame.new(-0.158653259, -0.321603298, -0.715133667, 0.290831298, 0.0308763199, 0.956276059, -0.00466766674, 0.99951303, -0.0308527891, -0.956763029, 0.00450937822, 0.290833771)
	deo14.Part0 = L_83_
	deo14.Part1 = deo12
	deo15.Name = "qRelativeCFrameWeldValue"
	deo15.Parent = deo12
	deo15.Value = CFrame.new(-0.158653259, -0.321603298, -0.715133667, 0.290831298, 0.0308763199, 0.956276059, -0.00466766674, 0.99951303, -0.0308527891, -0.956763029, 0.00450937822, 0.290833771)
	deo16.Name = "Plate1"
	deo16.Parent = L_82_
	deo16.BrickColor = BrickColor.new("Dark stone grey")
	deo16.Position = Vector3.new(23.3811665, 0.550796628, -63.777626)
	deo16.Rotation = Vector3.new(-173.240005, 88.0999985, 174.949997)
	deo16.Size = Vector3.new(0.416000009, 0.795000017, 0.200000003)
	deo16.CFrame = CFrame.new(23.3811665, 0.550796628, -63.777626, -0.0330896378, -0.00292195706, 0.99944818, 0.0297818538, 0.999548793, 0.00390826538, -0.999008656, 0.0298947431, -0.0329876691)
	deo16.Color = Color3.new(0.388235, 0.372549, 0.384314)
	deo16.Position = Vector3.new(23.3811665, 0.550796628, -63.777626)
	deo16.Orientation = Vector3.new(-0.219999999, 91.8899994, 1.71000004)
	deo16.Color = Color3.new(0.388235, 0.372549, 0.384314)
	deo17.Parent = deo16
	deo17.MeshId = "rbxassetid://876683636"
	deo17.MeshType = Enum.MeshType.FileMesh
	deo18.Name = "qCFrameWeldThingy"
	deo18.Parent = deo16
	deo18.C1 = CFrame.new(-0.158706665, 0.498405933, -0.715171814, 0.290831298, 0.0308763199, 0.956276059, -0.00466766674, 0.99951303, -0.0308527891, -0.956763029, 0.00450937822, 0.290833771)
	deo18.Part0 = L_83_
	deo18.Part1 = deo16
	deo19.Name = "qRelativeCFrameWeldValue"
	deo19.Parent = deo16
	deo19.Value = CFrame.new(-0.158706665, 0.498405933, -0.715171814, 0.290831298, 0.0308763199, 0.956276059, -0.00466766674, 0.99951303, -0.0308527891, -0.956763029, 0.00450937822, 0.290833771)
	deo20.Name = "qPerfectionWeld"
	deo20.Parent = L_82_
	sveio3 = Instance.new("SpecialMesh")
	sveio5 = Instance.new("Part")
	sveio6 = Instance.new("BlockMesh")
	sveio7 = Instance.new("Weld")
	sveio8 = Instance.new("CFrameValue")
	sveio9 = Instance.new("Part")
	sveio10 = Instance.new("BlockMesh")
	sveio11 = Instance.new("Weld")
	sveio12 = Instance.new("CFrameValue")
	sveio13 = Instance.new("Part")
	sveio14 = Instance.new("BlockMesh")
	sveio15 = Instance.new("Weld")
	sveio16 = Instance.new("CFrameValue")
	sveio17 = Instance.new("Part")
	sveio18 = Instance.new("BlockMesh")
	sveio19 = Instance.new("Weld")
	sveio20 = Instance.new("CFrameValue")
	sveio21 = Instance.new("Part")
	sveio22 = Instance.new("BlockMesh")
	sveio23 = Instance.new("Weld")
	sveio24 = Instance.new("CFrameValue")
	sveio25 = Instance.new("Part")
	sveio26 = Instance.new("BlockMesh")
	sveio27 = Instance.new("Weld")
	sveio28 = Instance.new("CFrameValue")
	sveio29 = Instance.new("Part")
	sveio30 = Instance.new("BlockMesh")
	sveio31 = Instance.new("Weld")
	sveio32 = Instance.new("CFrameValue")
	sveio33 = Instance.new("Part")
	sveio34 = Instance.new("Weld")
	sveio35 = Instance.new("CFrameValue")
	sveio3.Parent = L_83_
	sveio3.MeshId = "rbxassetid://876696873"
	sveio3.MeshType = Enum.MeshType.FileMesh
	sveio5.Name = "svatic1"
	sveio5.Parent = L_82_
	sveio5.Material = Enum.Material.SmoothPlastic
	sveio5.BrickColor = BrickColor.new("Mid gray")
	sveio5.Position = Vector3.new(26.6144924, 0.87007153, -58.3715897)
	sveio5.Rotation = Vector3.new(-105.919998, -42.6800003, 67.0400009)
	sveio5.Size = Vector3.new(0.831344962, 0.831338942, 0.831339061)
	sveio5.CFrame = CFrame.new(26.6144924, 0.87007153, -58.3715897, 0.286730826, -0.676904082, -0.677932024, 0.00168153201, -0.707294524, 0.706919074, -0.958029151, -0.203836784, -0.201663524)
	sveio5.BackSurface = Enum.SurfaceType.SmoothNoOutlines
	sveio5.BottomSurface = Enum.SurfaceType.SmoothNoOutlines
	sveio5.FrontSurface = Enum.SurfaceType.SmoothNoOutlines
	sveio5.LeftSurface = Enum.SurfaceType.SmoothNoOutlines
	sveio5.RightSurface = Enum.SurfaceType.SmoothNoOutlines
	sveio5.TopSurface = Enum.SurfaceType.SmoothNoOutlines
	sveio5.Color = Color3.new(0.803922, 0.803922, 0.803922)
	sveio5.Position = Vector3.new(26.6144924, 0.87007153, -58.3715897)
	sveio5.Orientation = Vector3.new(-44.9799995, -106.57, 179.860001)
	sveio5.Color = Color3.new(0.803922, 0.803922, 0.803922)
	sveio6.Parent = sveio5
	sveio6.Scale = Vector3.new(0.999996185, 0.598279178, 0.0991418734)
	sveio6.Scale = Vector3.new(0.999996185, 0.598279178, 0.0991418734)
	sveio7.Name = "qCFrameWeldThingy"
	sveio7.Parent = sveio5
	sveio7.C1 = CFrame.new(-0.256248474, -0.198151588, 0.096906662, -0.0310547799, 0.00166180509, 0.999525666, 0.745745838, -0.665793359, 0.0242784023, 0.665508926, 0.746134937, 0.0194386542)
	sveio7.Part0 = L_83_
	sveio7.Part1 = sveio5
	sveio8.Name = "qRelativeCFrameWeldValue"
	sveio8.Parent = sveio5
	sveio8.Value = CFrame.new(-0.256248474, -0.198151588, 0.096906662, -0.0310547799, 0.00166180509, 0.999525666, 0.745745838, -0.665793359, 0.0242784023, 0.665508926, 0.746134937, 0.0194386542)
	sveio9.Name = "svatic2"
	sveio9.Parent = L_82_
	sveio9.Material = Enum.Material.SmoothPlastic
	sveio9.BrickColor = BrickColor.new("Mid gray")
	sveio9.Position = Vector3.new(26.5114384, 0.940667629, -58.4023094)
	sveio9.Rotation = Vector3.new(-105.919998, -42.6800003, 67.0400009)
	sveio9.Size = Vector3.new(0.831344962, 0.831338942, 0.831339061)
	sveio9.CFrame = CFrame.new(26.5114384, 0.940667629, -58.4023094, 0.286730826, -0.676904082, -0.677932024, 0.00168153201, -0.707294524, 0.706919074, -0.958029151, -0.203836784, -0.201663524)
	sveio9.BackSurface = Enum.SurfaceType.SmoothNoOutlines
	sveio9.BottomSurface = Enum.SurfaceType.SmoothNoOutlines
	sveio9.FrontSurface = Enum.SurfaceType.SmoothNoOutlines
	sveio9.LeftSurface = Enum.SurfaceType.SmoothNoOutlines
	sveio9.RightSurface = Enum.SurfaceType.SmoothNoOutlines
	sveio9.TopSurface = Enum.SurfaceType.SmoothNoOutlines
	sveio9.Color = Color3.new(0.803922, 0.803922, 0.803922)
	sveio9.Position = Vector3.new(26.5114384, 0.940667629, -58.4023094)
	sveio9.Orientation = Vector3.new(-44.9799995, -106.57, 179.860001)
	sveio9.Color = Color3.new(0.803922, 0.803922, 0.803922)
	sveio10.Parent = sveio9
	sveio10.Scale = Vector3.new(0.999996185, 0.100022063, 0.348278195)
	sveio10.Scale = Vector3.new(0.999996185, 0.100022063, 0.348278195)
	sveio11.Name = "qCFrameWeldThingy"
	sveio11.Parent = sveio9
	sveio11.C1 = CFrame.new(-0.256248474, -0.224238396, -0.0290584564, -0.0310547799, 0.00166180509, 0.999525666, 0.745745838, -0.665793359, 0.0242784023, 0.665508926, 0.746134937, 0.0194386542)
	sveio11.Part0 = L_83_
	sveio11.Part1 = sveio9
	sveio12.Name = "qRelativeCFrameWeldValue"
	sveio12.Parent = sveio9
	sveio12.Value = CFrame.new(-0.256248474, -0.224238396, -0.0290584564, -0.0310547799, 0.00166180509, 0.999525666, 0.745745838, -0.665793359, 0.0242784023, 0.665508926, 0.746134937, 0.0194386542)
	sveio13.Name = "svatic3"
	sveio13.Parent = L_82_
	sveio13.Material = Enum.Material.SmoothPlastic
	sveio13.BrickColor = BrickColor.new("Mid gray")
	sveio13.Position = Vector3.new(26.711483, 0.588569522, -58.3430443)
	sveio13.Rotation = Vector3.new(-105.919998, -42.6800003, 67.0400009)
	sveio13.Size = Vector3.new(0.831344962, 0.831338942, 0.831339061)
	sveio13.CFrame = CFrame.new(26.711483, 0.588569522, -58.3430443, 0.286730826, -0.676904082, -0.677932024, 0.00168153201, -0.707294524, 0.706919074, -0.958029151, -0.203836784, -0.201663524)
	sveio13.BackSurface = Enum.SurfaceType.SmoothNoOutlines
	sveio13.BottomSurface = Enum.SurfaceType.SmoothNoOutlines
	sveio13.FrontSurface = Enum.SurfaceType.SmoothNoOutlines
	sveio13.LeftSurface = Enum.SurfaceType.SmoothNoOutlines
	sveio13.RightSurface = Enum.SurfaceType.SmoothNoOutlines
	sveio13.TopSurface = Enum.SurfaceType.SmoothNoOutlines
	sveio13.Color = Color3.new(0.803922, 0.803922, 0.803922)
	sveio13.Position = Vector3.new(26.711483, 0.588569522, -58.3430443)
	sveio13.Orientation = Vector3.new(-44.9799995, -106.57, 179.860001)
	sveio13.Color = Color3.new(0.803922, 0.803922, 0.803922)
	sveio14.Parent = sveio13
	sveio14.Scale = Vector3.new(0.999996185, 0.348996192, 0.0991418734)
	sveio14.Scale = Vector3.new(0.999996185, 0.348996192, 0.0991418734)
	sveio15.Name = "qCFrameWeldThingy"
	sveio15.Parent = sveio13
	sveio15.C1 = CFrame.new(-0.256240845, -0.325782776, 0.367417336, -0.0310547799, 0.00166180509, 0.999525666, 0.745745838, -0.665793359, 0.0242784023, 0.665508926, 0.746134937, 0.0194386542)
	sveio15.Part0 = L_83_
	sveio15.Part1 = sveio13
	sveio16.Name = "qRelativeCFrameWeldValue"
	sveio16.Parent = sveio13
	sveio16.Value = CFrame.new(-0.256240845, -0.325782776, 0.367417336, -0.0310547799, 0.00166180509, 0.999525666, 0.745745838, -0.665793359, 0.0242784023, 0.665508926, 0.746134937, 0.0194386542)
	sveio17.Name = "svatic4"
	sveio17.Parent = L_82_
	sveio17.Material = Enum.Material.SmoothPlastic
	sveio17.BrickColor = BrickColor.new("Mid gray")
	sveio17.Position = Vector3.new(26.3485661, 0.748776793, -58.4513931)
	sveio17.Rotation = Vector3.new(-105.919998, -42.6800003, 67.0400009)
	sveio17.Size = Vector3.new(0.831344962, 0.831338942, 0.831339061)
	sveio17.CFrame = CFrame.new(26.3485661, 0.748776793, -58.4513931, 0.286730826, -0.676904082, -0.677932024, 0.00168153201, -0.707294524, 0.706919074, -0.958029151, -0.203836784, -0.201663524)
	sveio17.BackSurface = Enum.SurfaceType.SmoothNoOutlines
	sveio17.BottomSurface = Enum.SurfaceType.SmoothNoOutlines
	sveio17.FrontSurface = Enum.SurfaceType.SmoothNoOutlines
	sveio17.LeftSurface = Enum.SurfaceType.SmoothNoOutlines
	sveio17.RightSurface = Enum.SurfaceType.SmoothNoOutlines
	sveio17.TopSurface = Enum.SurfaceType.SmoothNoOutlines
	sveio17.Color = Color3.new(0.803922, 0.803922, 0.803922)
	sveio17.Position = Vector3.new(26.3485661, 0.748776793, -58.4513931)
	sveio17.Orientation = Vector3.new(-44.9799995, -106.57, 179.860001)
	sveio17.Color = Color3.new(0.803922, 0.803922, 0.803922)
	sveio18.Parent = sveio17
	sveio18.Scale = Vector3.new(0.999996185, 0.100022063, 0.364750892)
	sveio18.Scale = Vector3.new(0.999996185, 0.100022063, 0.364750892)
	sveio19.Name = "qCFrameWeldThingy"
	sveio19.Parent = sveio17
	sveio19.C1 = CFrame.new(-0.256248474, -0.480212212, -0.0137214661, -0.0310547799, 0.00166180509, 0.999525666, 0.745745838, -0.665793359, 0.0242784023, 0.665508926, 0.746134937, 0.0194386542)
	sveio19.Part0 = L_83_
	sveio19.Part1 = sveio17
	sveio20.Name = "qRelativeCFrameWeldValue"
	sveio20.Parent = sveio17
	sveio20.Value = CFrame.new(-0.256248474, -0.480212212, -0.0137214661, -0.0310547799, 0.00166180509, 0.999525666, 0.745745838, -0.665793359, 0.0242784023, 0.665508926, 0.746134937, 0.0194386542)
	sveio21.Name = "svatic5"
	sveio21.Parent = L_82_
	sveio21.Material = Enum.Material.SmoothPlastic
	sveio21.BrickColor = BrickColor.new("Mid gray")
	sveio21.Position = Vector3.new(26.8475361, 0.976790607, -58.3016434)
	sveio21.Rotation = Vector3.new(-105.919998, -42.6800003, 67.0400009)
	sveio21.Size = Vector3.new(0.831344962, 0.831338942, 0.831339061)
	sveio21.CFrame = CFrame.new(26.8475361, 0.976790607, -58.3016434, 0.286730826, -0.676904082, -0.677932024, 0.00168153201, -0.707294524, 0.706919074, -0.958029151, -0.203836784, -0.201663524)
	sveio21.BackSurface = Enum.SurfaceType.SmoothNoOutlines
	sveio21.BottomSurface = Enum.SurfaceType.SmoothNoOutlines
	sveio21.FrontSurface = Enum.SurfaceType.SmoothNoOutlines
	sveio21.LeftSurface = Enum.SurfaceType.SmoothNoOutlines
	sveio21.RightSurface = Enum.SurfaceType.SmoothNoOutlines
	sveio21.TopSurface = Enum.SurfaceType.SmoothNoOutlines
	sveio21.Color = Color3.new(0.803922, 0.803922, 0.803922)
	sveio21.Position = Vector3.new(26.8475361, 0.976790607, -58.3016434)
	sveio21.Orientation = Vector3.new(-44.9799995, -106.57, 179.860001)
	sveio21.Color = Color3.new(0.803922, 0.803922, 0.803922)
	sveio22.Parent = sveio21
	sveio22.Scale = Vector3.new(0.999996185, 0.100022063, 0.336512148)
	sveio22.Scale = Vector3.new(0.999996185, 0.100022063, 0.336512148)
	sveio23.Name = "qCFrameWeldThingy"
	sveio23.Parent = sveio21
	sveio23.C1 = CFrame.new(-0.256240845, 0.0493326187, 0.193558693, -0.0310547799, 0.00166180509, 0.999525666, 0.745745838, -0.665793359, 0.0242784023, 0.665508926, 0.746134937, 0.0194386542)
	sveio23.Part0 = L_83_
	sveio23.Part1 = sveio21
	sveio24.Name = "qRelativeCFrameWeldValue"
	sveio24.Parent = sveio21
	sveio24.Value = CFrame.new(-0.256240845, 0.0493326187, 0.193558693, -0.0310547799, 0.00166180509, 0.999525666, 0.745745838, -0.665793359, 0.0242784023, 0.665508926, 0.746134937, 0.0194386542)
	sveio25.Name = "svatic6"
	sveio25.Parent = L_82_
	sveio25.Material = Enum.Material.SmoothPlastic
	sveio25.BrickColor = BrickColor.new("Mid gray")
	sveio25.Position = Vector3.new(26.4760933, 1.1169889, -58.4125786)
	sveio25.Rotation = Vector3.new(-105.919998, -42.6800003, 67.0400009)
	sveio25.Size = Vector3.new(0.831344962, 0.831338942, 0.831339061)
	sveio25.CFrame = CFrame.new(26.4760933, 1.1169889, -58.4125786, 0.286730826, -0.676904082, -0.677932024, 0.00168153201, -0.707294524, 0.706919074, -0.958029151, -0.203836784, -0.201663524)
	sveio25.BackSurface = Enum.SurfaceType.SmoothNoOutlines
	sveio25.BottomSurface = Enum.SurfaceType.SmoothNoOutlines
	sveio25.FrontSurface = Enum.SurfaceType.SmoothNoOutlines
	sveio25.LeftSurface = Enum.SurfaceType.SmoothNoOutlines
	sveio25.RightSurface = Enum.SurfaceType.SmoothNoOutlines
	sveio25.TopSurface = Enum.SurfaceType.SmoothNoOutlines
	sveio25.Color = Color3.new(0.803922, 0.803922, 0.803922)
	sveio25.Position = Vector3.new(26.4760933, 1.1169889, -58.4125786)
	sveio25.Orientation = Vector3.new(-44.9799995, -106.57, 179.860001)
	sveio25.Color = Color3.new(0.803922, 0.803922, 0.803922)
	sveio26.Parent = sveio25
	sveio26.Scale = Vector3.new(0.999996185, 0.348996192, 0.0991418734)
	sveio26.Scale = Vector3.new(0.999996185, 0.348996192, 0.0991418734)
	sveio27.Name = "qCFrameWeldThingy"
	sveio27.Parent = sveio25
